0
74
1 0
2 24538
3 24700
4 26866
10 27256
13 28121
18 28213
19 28330
25 28331
30 32210
36 32266
42 32323
47 32379
52 34765
54 34821
57 34824
63 34878
69 34934
75 34989
80 35045
87 35101
94 35275
99 35331
104 35388
111 54380
116 57120
122 60759
128 60814
134 60871
139 60925
141 67255
148 81478
153 89600
158 89657
163 89713
168 89770
174 89826
180 89882
186 89939
191 89994
196 90051
199 90107
204 90163
210 90219
216 90275
220 90330
223 90331
228 90384
233 90441
236 90557
237 90614
240 90676
242 90733
245 90848
247 90905
250 90962
253 91074
255 91127
258 91183
261 91240
263 91297
266 132465
268 132522
271 141960
273 148051
275 148108
277 148165
279 148222
282 148278
284 148334
287 148390
290 148446
292 148560
294 148617
